/**
 * Synthetic CBOE VIX History CSV fixtures for adapter tests.
 *
 * SYNTHETIC — schema-matching only.
 * NOT current market data.
 * NOT production evidence.
 * Do not treat these values as live CBOE observations.
 */

/** Valid multi-row fixture (LF). Fabricated closes. */
export const FIXTURE_VIX_VALID_LF = `DATE,OPEN,HIGH,LOW,CLOSE
07/01/2026,16.000000,16.500000,15.900000,16.200000
07/02/2026,16.100000,16.800000,16.000000,16.590000
07/03/2026,16.400000,17.000000,16.200000,16.800000
`;

/** Same rows with CRLF. */
export const FIXTURE_VIX_VALID_CRLF = FIXTURE_VIX_VALID_LF.replace(/\n/g, '\r\n');

/** Optional UTF-8 BOM prefix. */
export const FIXTURE_VIX_VALID_BOM = `\uFEFF${FIXTURE_VIX_VALID_LF}`;

/** Unsorted observation dates — normalize must pick latest eligible. */
export const FIXTURE_VIX_UNSORTED = `DATE,OPEN,HIGH,LOW,CLOSE
07/03/2026,16.400000,17.000000,16.200000,16.800000
07/01/2026,16.000000,16.500000,15.900000,16.200000
07/02/2026,16.100000,16.800000,16.000000,16.590000
`;

/** Harmless surrounding whitespace on header/cells. */
export const FIXTURE_VIX_WHITESPACE = [
  ' DATE , OPEN , HIGH , LOW , CLOSE ',
  ' 07/01/2026 , 16.000000 , 16.500000 , 15.900000 , 16.200000 ',
  ' 07/02/2026 , 16.100000 , 16.800000 , 16.000000 , 16.590000 ',
  '',
].join('\n');

export const FIXTURE_VIX_MISSING_DATE = `OPEN,HIGH,LOW,CLOSE
16.000000,16.500000,15.900000,16.200000
`;

export const FIXTURE_VIX_MISSING_CLOSE = `DATE,OPEN,HIGH,LOW
07/01/2026,16.000000,16.500000,15.900000
`;

export const FIXTURE_VIX_DUPLICATE_DATE_HEADER = `DATE,DATE,OPEN,HIGH,LOW,CLOSE
07/01/2026,07/01/2026,16.000000,16.500000,15.900000,16.200000
`;

export const FIXTURE_VIX_DUPLICATE_OBSERVATION = `DATE,OPEN,HIGH,LOW,CLOSE
07/01/2026,16.000000,16.500000,15.900000,16.200000
07/01/2026,16.100000,16.800000,16.000000,16.590000
`;

export const FIXTURE_VIX_BAD_ROW_WIDTH = `DATE,OPEN,HIGH,LOW,CLOSE
07/01/2026,16.000000,16.500000,15.900000
`;

export const FIXTURE_VIX_EMPTY_CLOSE = `DATE,OPEN,HIGH,LOW,CLOSE
07/01/2026,16.000000,16.500000,15.900000,
`;

export const FIXTURE_VIX_NONNUMERIC_CLOSE = `DATE,OPEN,HIGH,LOW,CLOSE
07/01/2026,16.000000,16.500000,15.900000,abc
`;

export const FIXTURE_VIX_ZERO_CLOSE = `DATE,OPEN,HIGH,LOW,CLOSE
07/01/2026,16.000000,16.500000,15.900000,0
`;

export const FIXTURE_VIX_NEGATIVE_CLOSE = `DATE,OPEN,HIGH,LOW,CLOSE
07/01/2026,16.000000,16.500000,15.900000,-1.5
`;

export const FIXTURE_VIX_INVALID_CALENDAR_DATE = `DATE,OPEN,HIGH,LOW,CLOSE
02/31/2026,16.000000,16.500000,15.900000,16.200000
`;

export const FIXTURE_VIX_HEADER_ONLY = `DATE,OPEN,HIGH,LOW,CLOSE
`;

/** Includes a future-dated synthetic row relative to typical test nowIso. */
export const FIXTURE_VIX_WITH_FUTURE = `DATE,OPEN,HIGH,LOW,CLOSE
07/01/2026,16.000000,16.500000,15.900000,16.200000
07/09/2026,16.100000,16.800000,16.000000,16.590000
12/31/2099,20.000000,21.000000,19.000000,20.500000
`;

export const ADAPTER_TEST_NOW_ISO = '2026-07-09T15:30:00.000Z';
